(2.185,828,1482422220004,1482422219972,1482422220000)
(2.425,193,1482422221999,1482422221987,1482422222000)
(2.381,194,1482422223999,1482422223987,1482422224000)
(2.157,185,1482422225999,1482422225901,1482422226000)
(2.141,192,1482422228000,1482422227901,1482422228000)
(2.105,191,1482422230000,1482422229908,1482422230000)
(2.176,188,1482422231999,1482422231917,1482422232000)
(2.418,194,1482422233999,1482422233933,1482422234000)
(2.32,194,1482422235999,1482422235937,1482422236000)
(2.175,194,1482422237999,1482422237942,1482422238000)
(2.133,195,1482422239999,1482422239953,1482422240000)
(2.088,193,1482422241999,1482422241954,1482422242000)
(2.342,193,1482422243999,1482422243957,1482422244000)
(2.232,194,1482422245999,1482422245958,1482422246000)
(2.188,191,1482422247999,1482422247969,1482422248000)
(2.485,194,1482422249999,1482422249971,1482422250000)
(2.0,193,1482422251999,1482422251976,1482422252000)
(2.533,195,1482422253999,1482422253984,1482422254000)
(2.304,194,1482422255999,1482422255985,1482422256000)
(2.474,194,1482422257999,1482422257988,1482422258000)
(2.152,184,1482422259999,1482422259891,1482422260000)
(3.3,10,1482422259999,1482422259994,1482422260000)
(2.164,183,1482422261999,1482422261899,1482422262000)
(2.123,195,1482422263999,1482422263908,1482422264000)
(2.373,193,1482422265999,1482422265909,1482422266000)
(2.144,195,1482422267999,1482422267915,1482422268000)
(2.026,194,1482422270000,1482422269923,1482422270000)
(2.031,194,1482422271999,1482422271920,1482422272000)
(2.154,188,1482422274000,1482422273933,1482422274000)
(2.115,191,1482422275999,1482422275933,1482422276000)
(2.041,195,1482422278000,1482422277943,1482422278000)
(2.202,193,1482422279999,1482422279946,1482422280000)
(2.113,194,1482422281999,1482422281946,1482422282000)
(2.232,194,1482422283999,1482422283951,1482422284000)
(2.119,194,1482422286000,1482422285961,1482422286000)
(2.052,192,1482422287999,1482422287959,1482422288000)
(2.356,194,1482422289999,1482422289963,1482422290000)
(2.113,194,1482422291999,1482422291970,1482422292000)
(2.099,192,1482422293999,1482422293969,1482422294000)
(2.082,194,1482422295999,1482422295972,1482422296000)
(2.202,193,1482422297999,1482422297974,1482422298000)
(2.041,196,1482422299999,1482422299987,1482422300000)
(2.073,193,1482422301999,1482422301982,1482422302000)
(2.107,196,1482422303999,1482422303995,1482422304000)
(2.125,184,1482422305999,1482422305893,1482422306000)
(2.256,195,1482422307999,1482422307899,1482422308000)
(2.381,194,1482422309999,1482422309904,1482422310000)
(2.349,195,1482422311999,1482422311908,1482422312000)
(2.221,195,1482422313999,1482422313916,1482422314000)
(2.161,193,1482422316000,1482422315921,1482422316000)
(2.139,194,1482422317999,1482422317924,1482422318000)
(2.17,194,1482422319999,1482422319927,1482422320000)
(2.125,24,1482422321999,1482422320175,1482422322000)
