(2.253,4584,85)
(2.195,8123,52)
(2.177,8307,35)
(2.224,8845,23)
(2.175,9028,16)
(2.2,10105,6)
(2.202,9413,90)
(2.21,10081,77)
(2.208,12101,74)
(2.178,12181,69)
(2.222,12123,66)
(2.187,12212,62)
(2.211,12041,59)
(2.177,11916,56)
(2.211,12040,53)
(2.199,11578,38)
(2.196,9287,35)
(2.211,9425,32)
(2.178,7038,29)
(2.202,8721,26)
(2.209,9382,14)
(2.197,9217,11)
(2.216,11863,7)
(2.172,12251,6)
(2.211,12239,3)
(2.2,12383,1)
(2.206,11757,97)
(2.185,12045,95)
(2.201,12283,92)
(2.217,12138,84)
(2.192,12132,83)
(2.197,11944,78)
(2.195,11552,77)
(2.197,11868,75)
(2.202,11837,70)
(2.204,11970,68)
(2.188,12047,66)
(2.212,11922,65)
(2.197,11976,61)
(2.211,11837,58)
(2.177,12208,56)
(2.226,11901,53)
(2.185,11846,43)
(2.217,11418,40)
(2.172,11605,36)
(2.207,11972,33)
(2.212,11694,29)
(2.195,11871,25)
(2.193,12170,21)
(2.194,12141,19)
(2.207,12090,17)
(2.196,11932,14)
(2.206,12158,11)
(2.19,12182,7)
(2.195,11901,5)
(2.205,11104,100)
(2.216,11638,96)
(2.177,11752,94)
(2.225,12102,89)
(2.185,11649,87)
(2.212,11819,84)
(2.176,11796,83)
(2.211,11728,80)
(2.202,11697,77)
(2.201,11792,74)
(2.194,11918,72)
(2.194,11808,68)
(2.2,11759,65)
(2.203,11575,64)
(2.201,11896,62)
(2.186,12119,58)
(2.21,11945,54)
(2.199,11795,43)
(2.218,11384,37)
(2.175,12338,36)
(2.228,11671,30)
(2.181,11193,29)
(2.218,12095,26)
(2.173,11015,21)
(2.198,7824,19)
(2.235,7357,15)
(2.19,9172,12)
(2.195,11235,11)
(2.212,7520,8)
(2.168,8631,96)
(2.21,10468,94)
(2.205,10344,90)
(2.196,11771,87)
(2.202,11798,82)
(2.186,10226,80)
(2.21,5468,967)
