(2.242,1320,1482424364000,1482424363916,1482424364000)
(2.212,1408,1482424366000,1482424365936,1482424366000)
(2.332,1375,1482424367999,1482424367943,1482424368000)
(2.158,1337,1482424369999,1482424369950,1482424370000)
(2.129,1438,1482424371999,1482424371963,1482424372000)
(2.134,1535,1482424373999,1482424373974,1482424374000)
(2.209,1648,1482424375999,1482424375977,1482424376000)
(2.226,1633,1482424378000,1482424377981,1482424378000)
(2.236,1298,1482424380001,1482424379995,1482424380000)
(2.289,1674,1482424381999,1482424381996,1482424382000)
(2.132,1627,1482424383999,1482424383907,1482424384000)
(2.144,1623,1482424385999,1482424385911,1482424386000)
(2.195,1485,1482424387999,1482424387925,1482424388000)
(2.237,1707,1482424389999,1482424389929,1482424390000)
(2.197,1647,1482424391999,1482424391932,1482424392000)
(2.303,1675,1482424393999,1482424393934,1482424394000)
(2.153,1635,1482424395999,1482424395935,1482424396000)
(2.145,1622,1482424397999,1482424397942,1482424398000)
(2.121,1576,1482424399999,1482424399945,1482424400000)
(2.224,1594,1482424401999,1482424401950,1482424402000)
(2.241,1234,1482424403999,1482424403963,1482424404000)
(2.242,1445,1482424405999,1482424405974,1482424406000)
(2.296,1480,1482424407999,1482424407989,1482424408000)
(2.127,1599,1482424409999,1482424409994,1482424410000)
(2.147,1571,1482424411999,1482424411996,1482424412000)
(2.182,1436,1482424414000,1482424413914,1482424414000)
(2.197,1527,1482424415999,1482424415933,1482424416000)
(2.255,1611,1482424417999,1482424417937,1482424418000)
(2.248,1515,1482424419999,1482424419949,1482424420000)
(2.25,1461,1482424421999,1482424421951,1482424422000)
(2.105,1339,1482424423999,1482424423960,1482424424000)
(2.159,1480,1482424426000,1482424425963,1482424426000)
(2.189,1573,1482424427999,1482424427972,1482424428000)
(2.231,1479,1482424429999,1482424429975,1482424430000)
(2.221,1328,1482424432000,1482424431984,1482424432000)
(2.246,1542,1482424434000,1482424433989,1482424434000)
(2.232,1507,1482424436000,1482424435990,1482424436000)
(2.124,1401,1482424438001,1482424437902,1482424438000)
(2.15,1332,1482424439999,1482424439909,1482424440000)
(2.192,1520,1482424441999,1482424441923,1482424442000)
(2.235,1492,1482424443999,1482424443932,1482424444000)
(2.219,1356,1482424445999,1482424445937,1482424446000)
(2.245,1535,1482424447999,1482424447949,1482424448000)
(2.229,1603,1482424449999,1482424449959,1482424450000)
(2.118,1339,1482424451999,1482424451966,1482424452000)
(2.138,1498,1482424453999,1482424453970,1482424454000)
(2.22,1461,1482424456000,1482424455973,1482424456000)
(2.232,1420,1482424457999,1482424457982,1482424458000)
(2.198,1342,1482424459999,1482424459987,1482424460000)
(2.256,1397,1482424461999,1482424461993,1482424462000)
(2.26,1353,1482424464000,1482424463905,1482424464000)
(2.108,1466,1482424466000,1482424465907,1482424466000)
(2.161,1400,1482424467999,1482424467916,1482424468000)
(2.176,1318,1482424470000,1482424469926,1482424470000)
(2.187,1360,1482424471999,1482424471936,1482424472000)
(2.259,1619,1482424473999,1482424473931,1482424474000)
(2.23,1581,1482424475999,1482424475946,1482424476000)
(2.268,1509,1482424477999,1482424477949,1482424478000)
(2.123,1503,1482424479999,1482424479952,1482424480000)
(2.131,1578,1482424481999,1482424481958,1482424482000)
(2.195,1604,1482424483999,1482424483965,1482424484000)
