(2.181,408,1482421003999,1482421003908,1482421004000)
(2.423,215,1482421006000,1482421005912,1482421006000)
(2.353,215,1482421007999,1482421007921,1482421008000)
(2.188,213,1482421010000,1482421009926,1482421010000)
(2.159,214,1482421011999,1482421011935,1482421012000)
(2.061,214,1482421013999,1482421013935,1482421014000)
(2.387,212,1482421015999,1482421015943,1482421016000)
(2.262,210,1482421017999,1482421017951,1482421018000)
(2.223,215,1482421019999,1482421019961,1482421020000)
(2.167,216,1482421021999,1482421021965,1482421022000)
(2.07,214,1482421023999,1482421023968,1482421024000)
(2.361,216,1482421025999,1482421025977,1482421026000)
(2.208,216,1482421027999,1482421027985,1482421028000)
(2.239,209,1482421029999,1482421029997,1482421030000)
(2.421,202,1482421031999,1482421031897,1482421032000)
(2.177,215,1482421033999,1482421033904,1482421034000)
(2.326,215,1482421035999,1482421035900,1482421036000)
(2.498,215,1482421037999,1482421037904,1482421038000)
(2.24,217,1482421040000,1482421039914,1482421040000)
(2.27,215,1482421041999,1482421041911,1482421042000)
(2.115,217,1482421043999,1482421043922,1482421044000)
(2.324,216,1482421045999,1482421045924,1482421046000)
(2.12,216,1482421047999,1482421047927,1482421048000)
(2.103,213,1482421049999,1482421049949,1482421050000)
(2.005,215,1482421051999,1482421051955,1482421052000)
(2.148,210,1482421053999,1482421053956,1482421054000)
(2.042,214,1482421055999,1482421055964,1482421056000)
(2.15,214,1482421057999,1482421057967,1482421058000)
(2.145,214,1482421059999,1482421059968,1482421060000)
(2.264,216,1482421062000,1482421061977,1482421062000)
(2.033,211,1482421064000,1482421063977,1482421064000)
(2.139,216,1482421065999,1482421065988,1482421066000)
(2.302,212,1482421067999,1482421067987,1482421068000)
(2.059,205,1482421069999,1482421069911,1482421070000)
(2.165,212,1482421071999,1482421071908,1482421072000)
(2.102,215,1482421073999,1482421073917,1482421074000)
(2.093,215,1482421076000,1482421075922,1482421076000)
(2.023,216,1482421077999,1482421077932,1482421078000)
(2.211,213,1482421079999,1482421079934,1482421080000)
(2.065,215,1482421081999,1482421081941,1482421082000)
(2.239,213,1482421083999,1482421083942,1482421084000)
(2.435,214,1482421085999,1482421085943,1482421086000)
(2.282,216,1482421087999,1482421087951,1482421088000)
(2.167,215,1482421089999,1482421089954,1482421090000)
(2.093,215,1482421091999,1482421091953,1482421092000)
(2.18,217,1482421093999,1482421093965,1482421094000)
(2.281,114,1482421095999,1482421095033,1482421096000)
