(2.253,1745,1482425060004,1482425059899,1482425060000)
(2.165,570,1482425060999,1482425060910,1482425061000)
(2.24,433,1482425062000,1482425061922,1482425062000)
(2.22,486,1482425062999,1482425062934,1482425063000)
(2.352,486,1482425063999,1482425063939,1482425064000)
(2.335,483,1482425064999,1482425064950,1482425065000)
(2.198,520,1482425065999,1482425065951,1482425066000)
(2.167,622,1482425066999,1482425066968,1482425067000)
(2.065,703,1482425067999,1482425067971,1482425068000)
(2.167,700,1482425068999,1482425068971,1482425069000)
(2.178,650,1482425069999,1482425069979,1482425070000)
(2.108,729,1482425071000,1482425070980,1482425071000)
(2.102,628,1482425072000,1482425071983,1482425072000)
(2.311,711,1482425072999,1482425072990,1482425073000)
(2.141,622,1482425073999,1482425073903,1482425074000)
(2.271,687,1482425074999,1482425074902,1482425075000)
(2.231,619,1482425075999,1482425075910,1482425076000)
(2.249,603,1482425077000,1482425076919,1482425077000)
(2.189,482,1482425077999,1482425077925,1482425078000)
(2.212,429,1482425078999,1482425078945,1482425079000)
(2.209,422,1482425080000,1482425079958,1482425080000)
(2.359,538,1482425081000,1482425080971,1482425081000)
(2.327,465,1482425081999,1482425081981,1482425082000)
(2.2,476,1482425083000,1482425082904,1482425083000)
(2.143,792,1482425083999,1482425083912,1482425084000)
(2.121,828,1482425084999,1482425084915,1482425085000)
(2.138,847,1482425085999,1482425085916,1482425086000)
(2.167,737,1482425087000,1482425086922,1482425087000)
(2.121,620,1482425087999,1482425087930,1482425088000)
(2.177,587,1482425088999,1482425088936,1482425089000)
(2.291,612,1482425089999,1482425089953,1482425090000)
(2.154,818,1482425090999,1482425090955,1482425091000)
(2.286,741,1482425091999,1482425091954,1482425092000)
(2.232,604,1482425092999,1482425092966,1482425093000)
(2.19,605,1482425094001,1482425093971,1482425094000)
(2.232,543,1482425094999,1482425094981,1482425095000)
(2.299,515,1482425095999,1482425095993,1482425096000)
(2.309,647,1482425096999,1482425096894,1482425097000)
(2.249,502,1482425097999,1482425097907,1482425098000)
(2.212,518,1482425099000,1482425098913,1482425099000)
(2.063,464,1482425100001,1482425099928,1482425100000)
(2.129,695,1482425100999,1482425100937,1482425101000)
(2.129,621,1482425101999,1482425101945,1482425102000)
(2.194,556,1482425103000,1482425102951,1482425103000)
(2.129,498,1482425103999,1482425103963,1482425104000)
(2.104,662,1482425104999,1482425104963,1482425105000)
(2.254,666,1482425105999,1482425105968,1482425106000)
(2.21,537,1482425106999,1482425106984,1482425107000)
(2.187,504,1482425107999,1482425107895,1482425108000)
(2.244,582,1482425108999,1482425108915,1482425109000)
(2.188,826,1482425109999,1482425109920,1482425110000)
(2.303,693,1482425110999,1482425110920,1482425111000)
(2.181,552,1482425111999,1482425111929,1482425112000)
(2.255,548,1482425113000,1482425112938,1482425113000)
(2.29,513,1482425113999,1482425113948,1482425114000)
(2.331,661,1482425115000,1482425114956,1482425115000)
(2.155,813,1482425115999,1482425115943,1482425116000)
