(2.462,39,1482443944003,1482443943959,1482443944000)
(2.194,8614,1482443945005,1482443944927,1482443945000)
(2.209,25517,1482443945999,1482443945990,1482443946000)
(2.197,29072,1482443946999,1482443946993,1482443947000)
(2.206,32702,1482443947999,1482443947990,1482443948000)
(2.197,31973,1482443948999,1482443948980,1482443949000)
(2.198,32067,1482443949999,1482443949983,1482443950000)
(2.202,34606,1482443950999,1482443950997,1482443951000)
(2.198,28960,1482443952010,1482443951959,1482443952000)
(2.203,32456,1482443952999,1482443952959,1482443953000)
(2.206,32279,1482443953999,1482443953986,1482443954000)
(2.196,29452,1482443954999,1482443954987,1482443955000)
(2.2,38231,1482443956000,1482443955966,1482443956000)
(2.199,40113,1482443956999,1482443956990,1482443957000)
(2.203,52491,1482443957999,1482443957979,1482443958000)
(2.199,46231,1482443959002,1482443958994,1482443959000)
(2.202,55407,1482443959999,1482443959976,1482443960000)
(2.202,54001,1482443960999,1482443960983,1482443961000)
(2.2,55921,1482443961999,1482443961988,1482443962000)
(2.2,50859,1482443963000,1482443962976,1482443963000)
(2.2,53289,1482443963999,1482443963961,1482443964000)
(2.205,54734,1482443965000,1482443964992,1482443965000)
(2.198,53571,1482443965999,1482443965982,1482443966000)
(2.2,52915,1482443967000,1482443966989,1482443967000)
(2.205,56193,1482443967999,1482443967984,1482443968000)
(2.202,52978,1482443968999,1482443968978,1482443969000)
(2.199,62505,1482443970000,1482443969982,1482443970000)
(2.2,66927,1482443971000,1482443970961,1482443971000)
(2.201,66688,1482443972000,1482443971987,1482443972000)
(2.2,113626,1482443972999,1482443972996,1482443973000)
(2.201,217076,1482443973999,1482443973997,1482443974000)
(2.201,220850,1482443974999,1482443974997,1482443975000)
(2.201,216872,1482443975999,1482443975997,1482443976000)
(2.201,181794,1482443977000,1482443976999,1482443977000)
(2.201,223455,1482443978002,1482443977995,1482443978000)
(2.202,222681,1482443979000,1482443978995,1482443979000)
(2.2,224756,1482443980000,1482443979992,1482443980000)
(2.2,133665,1482443981000,1482443980994,1482443981000)
(2.201,185293,1482443981999,1482443981993,1482443982000)
(2.202,218809,1482443983000,1482443982998,1482443983000)
(2.2,231386,1482443984000,1482443983997,1482443984000)
(2.201,230829,1482443985000,1482443984993,1482443985000)
(2.201,228724,1482443986000,1482443985998,1482443986000)
(2.201,229622,1482443987000,1482443986996,1482443987000)
(2.2,228649,1482443987999,1482443987994,1482443988000)
(2.201,225095,1482443989003,1482443988993,1482443989000)
(2.201,225996,1482443990000,1482443989995,1482443990000)
(2.199,10031,1482443991003,1482443990039,1482443991000)
