(2.197,4373,1482424757001,1482424756990,1482424757000)
(2.249,838,1482424758000,1482424757948,1482424758000)
(2.22,623,1482424759000,1482424758951,1482424759000)
(2.242,578,1482424759999,1482424759973,1482424760000)
(2.393,662,1482424761000,1482424760977,1482424761000)
(2.238,558,1482424761999,1482424761980,1482424762000)
(2.12,625,1482424763000,1482424762901,1482424763000)
(2.092,705,1482424763999,1482424763904,1482424764000)
(2.149,828,1482424764999,1482424764914,1482424765000)
(2.2,556,1482424765999,1482424765922,1482424766000)
(2.077,640,1482424767000,1482424766931,1482424767000)
(2.106,701,1482424767999,1482424767935,1482424768000)
(2.369,539,1482424769000,1482424768950,1482424769000)
(2.171,568,1482424769999,1482424769958,1482424770000)
(2.159,515,1482424771001,1482424770967,1482424771000)
(2.349,435,1482424771999,1482424771979,1482424772000)
