(2.239,2659,1482425534004,1482425533939,1482425534000)
(2.209,470,1482425535003,1482425534951,1482425535000)
(2.202,410,1482425535999,1482425535965,1482425536000)
(2.224,499,1482425537000,1482425536970,1482425537000)
(2.335,523,1482425537999,1482425537978,1482425538000)
(2.33,678,1482425538999,1482425538979,1482425539000)
(2.215,488,1482425539999,1482425539984,1482425540000)
(2.103,495,1482425540999,1482425540903,1482425541000)
(2.082,501,1482425542001,1482425541918,1482425542000)
(2.128,562,1482425543000,1482425542925,1482425543000)
(2.138,652,1482425544000,1482425543933,1482425544000)
(2.155,665,1482425544999,1482425544939,1482425545000)
(2.139,739,1482425545999,1482425545942,1482425546000)
(2.227,713,1482425546999,1482425546945,1482425547000)
(2.194,571,1482425547999,1482425547949,1482425548000)
(2.181,745,1482425548999,1482425548960,1482425549000)
(2.269,761,1482425549999,1482425549962,1482425550000)
