(6.0,1,1482430749000,1482430748381,1482430749000)
(2.216,6547,1482430750000,1482430749990,1482430750000)
(2.188,12471,1482430751000,1482430750978,1482430751000)
(2.247,3222,1482430751999,1482430751978,1482430752000)
(2.19,8195,1482430753000,1482430752113,1482430753000)
(2.201,10145,1482430753999,1482430753199,1482430754000)
(2.201,10145,1482430754999,1482430754388,1482430755000)
(2.201,10145,1482430755999,1482430755481,1482430756000)
(2.201,10145,1482430757000,1482430756608,1482430757000)
(2.201,10145,1482430758000,1482430757772,1482430758000)
(2.201,10145,1482430758999,1482430758861,1482430759000)
(2.2,10041,1482430760000,1482430759968,1482430760000)
(2.233,103,1482430761000,1482430759971,1482430761000)
