(2.253,1744,1482425406001,1482425405974,1482425406000)
(2.161,515,1482425407000,1482425406991,1482425407000)
(2.225,609,1482425407999,1482425407899,1482425408000)
(2.251,650,1482425408999,1482425408898,1482425409000)
(2.377,475,1482425410007,1482425409909,1482425410000)
(2.255,648,1482425411002,1482425410919,1482425411000)
(2.191,487,1482425412000,1482425411923,1482425412000)
(2.086,549,1482425413000,1482425412937,1482425413000)
(2.104,510,1482425414002,1482425413953,1482425414000)
(2.171,468,1482425415000,1482425414972,1482425415000)
(2.199,554,1482425415999,1482425415980,1482425416000)
(2.124,728,1482425417000,1482425416984,1482425417000)
(2.067,735,1482425418003,1482425417984,1482425418000)
(2.3,474,1482425418999,1482425418995,1482425419000)
(2.24,591,1482425420002,1482425419897,1482425420000)
(2.174,696,1482425421001,1482425420906,1482425421000)
(2.31,490,1482425422001,1482425421920,1482425422000)
(2.161,675,1482425423000,1482425422924,1482425423000)
