(2.136,147,1482443914022,1482443913890,1482443914000)
(2.208,12996,1482443915000,1482443914939,1482443915000)
(2.197,26389,1482443916003,1482443915984,1482443916000)
(2.207,27205,1482443917000,1482443916959,1482443917000)
(2.2,30604,1482443917999,1482443917991,1482443918000)
(2.205,28838,1482443918999,1482443918966,1482443919000)
(2.194,34047,1482443919999,1482443919970,1482443920000)
(2.201,64211,1482443920999,1482443920992,1482443921000)
(2.201,103474,1482443921999,1482443921993,1482443922000)
(2.201,161834,1482443922999,1482443922998,1482443923000)
(2.201,219644,1482443924000,1482443923994,1482443924000)
(2.201,240491,1482443924999,1482443924996,1482443925000)
(2.2,50120,1482443925999,1482443925246,1482443926000)
