(2.201,20001,1482430411000,1482430410896,1482430411000)
(2.202,9597,1482430411999,1482430411976,1482430412000)
(2.173,825,1482430413001,1482430412964,1482430413000)
(2.203,9578,1482430413999,1482430413207,1482430414000)
(2.201,10000,1482430414999,1482430414385,1482430415000)
(2.201,10000,1482430416000,1482430415690,1482430416000)
(2.201,10000,1482430416999,1482430416861,1482430417000)
(2.201,10000,1482430418000,1482430417912,1482430418000)
(2.226,5839,1482430419000,1482430418993,1482430419000)
(2.177,4835,1482430420000,1482430419982,1482430420000)
(2.197,9325,1482430420999,1482430420081,1482430421000)
