(2.235,4782,1482424862000,1482424861975,1482424862000)
(2.239,725,1482424863000,1482424862978,1482424863000)
(2.19,657,1482424863999,1482424863982,1482424864000)
(2.314,652,1482424865000,1482424864986,1482424865000)
(2.324,714,1482424866000,1482424865991,1482424866000)
(2.199,632,1482424866999,1482424866992,1482424867000)
(2.164,568,1482424868000,1482424867906,1482424868000)
(2.096,716,1482424868999,1482424868910,1482424869000)
(2.156,782,1482424870000,1482424869917,1482424870000)
(2.172,716,1482424870999,1482424870927,1482424871000)
(2.1,720,1482424871999,1482424871932,1482424872000)
(2.167,827,1482424873000,1482424872934,1482424873000)
(2.221,823,1482424873999,1482424873937,1482424874000)
(2.214,847,1482424874999,1482424874939,1482424875000)
(2.265,800,1482424876000,1482424875939,1482424876000)
(2.256,632,1482424877000,1482424876948,1482424877000)
(2.19,806,1482424877999,1482424877950,1482424878000)
(2.238,707,1482424878999,1482424878950,1482424879000)
(2.437,588,1482424879999,1482424879959,1482424880000)
(2.201,682,1482424880999,1482424880960,1482424881000)
(2.101,756,1482424881999,1482424881966,1482424882000)
(2.127,723,1482424883000,1482424882967,1482424883000)
(2.163,523,1482424883999,1482424883985,1482424884000)
