(2.229,3783,1482425574000,1482425573943,1482425574000)
(2.177,744,1482425574999,1482425574948,1482425575000)
(2.235,646,1482425575999,1482425575950,1482425576000)
(2.317,641,1482425577000,1482425576955,1482425577000)
(2.33,664,1482425577999,1482425577961,1482425578000)
(2.17,693,1482425578999,1482425578964,1482425579000)
(2.094,604,1482425580001,1482425579972,1482425580000)
(2.118,595,1482425581000,1482425580981,1482425581000)
(2.145,628,1482425581999,1482425581992,1482425582000)
(2.161,685,1482425582999,1482425582994,1482425583000)
(2.114,534,1482425583999,1482425583898,1482425584000)
(2.126,697,1482425585001,1482425584905,1482425585000)
(2.301,794,1482425586000,1482425585911,1482425586000)
(2.154,803,1482425586999,1482425586917,1482425587000)
(2.276,776,1482425587999,1482425587921,1482425588000)
(2.243,729,1482425588999,1482425588922,1482425589000)
(2.155,677,1482425589999,1482425589932,1482425590000)
(2.304,839,1482425591000,1482425590933,1482425591000)
(2.324,722,1482425591999,1482425591937,1482425592000)
(2.234,816,1482425592999,1482425592939,1482425593000)
(2.093,848,1482425593999,1482425593940,1482425594000)
(2.149,839,1482425594999,1482425594943,1482425595000)
(2.141,835,1482425595999,1482425595943,1482425596000)
(2.119,852,1482425596999,1482425596946,1482425597000)
(2.192,852,1482425597999,1482425597947,1482425598000)
(2.203,859,1482425598999,1482425598950,1482425599000)
(2.237,856,1482425599999,1482425599950,1482425600000)
(2.218,853,1482425600999,1482425600953,1482425601000)
(2.248,855,1482425601999,1482425601954,1482425602000)
(2.22,863,1482425602999,1482425602954,1482425603000)
(2.365,861,1482425603999,1482425603958,1482425604000)
(2.207,842,1482425604999,1482425604958,1482425605000)
(2.088,845,1482425605999,1482425605959,1482425606000)
(2.15,861,1482425606999,1482425606964,1482425607000)
(2.171,847,1482425607999,1482425607965,1482425608000)
(2.076,843,1482425608999,1482425608966,1482425609000)
(2.242,855,1482425609999,1482425609967,1482425610000)
(2.182,856,1482425610999,1482425610968,1482425611000)
(2.269,858,1482425611999,1482425611970,1482425612000)
(2.175,859,1482425612999,1482425612972,1482425613000)
(2.243,853,1482425613999,1482425613972,1482425614000)
(2.288,859,1482425614999,1482425614974,1482425615000)
(2.305,859,1482425615999,1482425615976,1482425616000)
(2.211,857,1482425617000,1482425616977,1482425617000)
(2.085,828,1482425617999,1482425617981,1482425618000)
(2.138,813,1482425618999,1482425618986,1482425619000)
(2.183,769,1482425619999,1482425619991,1482425620000)
(2.104,757,1482425620999,1482425620994,1482425621000)
