(2.26,2033,1482424785000,1482424784939,1482424785000)
(2.258,687,1482424786000,1482424785946,1482424786000)
(2.158,501,1482424787003,1482424786963,1482424787000)
(2.233,481,1482424788003,1482424787975,1482424788000)
(2.221,565,1482424789000,1482424788987,1482424789000)
(2.428,612,1482424789999,1482424789988,1482424790000)
(2.211,674,1482424790999,1482424790996,1482424791000)
(2.118,651,1482424792000,1482424791903,1482424792000)
(2.108,762,1482424793000,1482424792913,1482424793000)
(2.143,746,1482424793999,1482424793921,1482424794000)
(2.147,687,1482424794999,1482424794926,1482424795000)
(2.126,759,1482424795999,1482424795929,1482424796000)
(2.231,805,1482424797000,1482424796930,1482424797000)
(2.178,844,1482424797999,1482424797932,1482424798000)
(2.258,834,1482424799000,1482424798940,1482424799000)
(2.183,780,1482424799999,1482424799939,1482424800000)
(2.315,632,1482424800999,1482424800946,1482424801000)
(2.189,814,1482424801999,1482424801952,1482424802000)
(2.298,786,1482424802999,1482424802953,1482424803000)
(2.319,722,1482424803999,1482424803957,1482424804000)
(2.154,844,1482424804999,1482424804962,1482424805000)
(2.097,713,1482424805999,1482424805966,1482424806000)
(2.147,518,1482424807000,1482424806971,1482424807000)
(2.171,638,1482424807999,1482424807977,1482424808000)
(2.118,553,1482424808999,1482424808991,1482424809000)
(2.142,752,1482424809999,1482424809901,1482424810000)
(2.232,850,1482424810999,1482424810909,1482424811000)
(2.182,855,1482424811999,1482424811911,1482424812000)
(2.273,849,1482424812999,1482424812912,1482424813000)
(2.224,870,1482424813999,1482424813914,1482424814000)
(2.167,864,1482424814999,1482424814916,1482424815000)
(2.257,859,1482424815999,1482424815918,1482424816000)
(2.341,803,1482424816999,1482424816919,1482424817000)
(2.216,744,1482424817999,1482424817921,1482424818000)
