(2.196,531,1482444402031,1482444401967,1482444402000)
(2.213,13316,1482444403001,1482444402948,1482444403000)
(2.201,22387,1482444404007,1482444403967,1482444404000)
(2.198,26847,1482444405027,1482444404976,1482444405000)
(2.2,30683,1482444406000,1482444405986,1482444406000)
(2.206,32702,1482444407000,1482444406991,1482444407000)
(2.198,41216,1482444408000,1482444407978,1482444408000)
(2.201,44301,1482444409000,1482444408987,1482444409000)
(2.199,58450,1482444410000,1482444409998,1482444410000)
(2.205,53465,1482444410999,1482444410990,1482444411000)
(2.201,63889,1482444412000,1482444411997,1482444412000)
(2.202,65822,1482444413000,1482444412984,1482444413000)
(2.199,77937,1482444414000,1482444413994,1482444414000)
(2.201,77466,1482444415000,1482444414997,1482444415000)
(2.203,68074,1482444416000,1482444415989,1482444416000)
(2.2,80806,1482444417000,1482444416993,1482444417000)
(2.201,84100,1482444418000,1482444417997,1482444418000)
(2.202,59118,1482444418999,1482444418996,1482444419000)
(2.201,73401,1482444419999,1482444419997,1482444420000)
(2.2,60552,1482444420999,1482444420991,1482444421000)
(2.202,79455,1482444422000,1482444421998,1482444422000)
(2.202,62532,1482444422999,1482444422987,1482444423000)
(2.2,70907,1482444424000,1482444423992,1482444424000)
(2.201,65437,1482444425000,1482444424996,1482444425000)
(2.201,68921,1482444425999,1482444425996,1482444426000)
(2.203,73530,1482444426999,1482444426991,1482444427000)
(2.198,63961,1482444427999,1482444427992,1482444428000)
(2.202,74909,1482444429000,1482444428991,1482444429000)
(2.199,65889,1482444429999,1482444429963,1482444430000)
(2.202,68167,1482444430999,1482444430990,1482444431000)
(2.201,71748,1482444432003,1482444431989,1482444432000)
(2.202,77768,1482444433000,1482444432996,1482444433000)
(2.2,111079,1482444434000,1482444433999,1482444434000)
(2.202,111094,1482444434999,1482444434979,1482444435000)
(2.202,96567,1482444436000,1482444435997,1482444436000)
(2.202,99111,1482444437000,1482444436999,1482444437000)
(2.201,219983,1482444437999,1482444437996,1482444438000)
(2.201,211062,1482444439000,1482444438995,1482444439000)
(2.201,213331,1482444439999,1482444439997,1482444440000)
(2.201,217107,1482444440999,1482444440995,1482444441000)
(2.201,219577,1482444441999,1482444441993,1482444442000)
(2.201,216648,1482444443000,1482444442994,1482444443000)
(2.202,200622,1482444444000,1482444443991,1482444444000)
(2.201,112141,1482444444999,1482444444982,1482444445000)
(2.2,111836,1482444445999,1482444445997,1482444446000)
(2.201,134527,1482444446999,1482444446995,1482444447000)
(2.201,216503,1482444447999,1482444447997,1482444448000)
(2.201,222973,1482444449000,1482444448996,1482444449000)
(2.201,156787,1482444450000,1482444449987,1482444450000)
(2.202,137336,1482444451002,1482444450995,1482444451000)
(2.198,63429,1482444451999,1482444451275,1482444452000)
