(2.27,100,1482443511000,1482443510683,1482443511000)
(2.27,100,1482443511999,1482443511615,1482443512000)
(2.27,100,1482443512999,1482443512604,1482443513000)
(2.27,100,1482443513999,1482443513592,1482443514000)
(2.27,100,1482443514999,1482443514578,1482443515000)
(2.27,100,1482443515999,1482443515562,1482443516000)
(2.27,100,1482443517000,1482443516575,1482443517000)
(2.27,100,1482443517999,1482443517578,1482443518000)
(2.27,100,1482443518999,1482443518574,1482443519000)
(2.27,100,1482443520000,1482443519557,1482443520000)
(2.27,100,1482443520999,1482443520556,1482443521000)
(2.27,100,1482443521999,1482443521552,1482443522000)
(2.27,100,1482443523004,1482443522562,1482443523000)
(2.27,100,1482443524000,1482443523552,1482443524000)
(2.27,100,1482443524999,1482443524551,1482443525000)
(2.27,100,1482443525999,1482443525548,1482443526000)
(2.27,100,1482443526999,1482443526546,1482443527000)
(2.27,100,1482443528000,1482443527547,1482443528000)
(2.27,100,1482443529000,1482443528546,1482443529000)
(2.27,100,1482443529999,1482443529544,1482443530000)
(2.27,100,1482443531000,1482443530544,1482443531000)
(2.27,100,1482443532000,1482443531543,1482443532000)
(2.27,100,1482443533000,1482443532542,1482443533000)
