(2.27,400,1482443629001,1482443628867,1482443629000)
(2.201,10145,1482443630999,1482443630761,1482443631000)
(2.201,10145,1482443632000,1482443631510,1482443632000)
(2.201,10145,1482443632999,1482443632454,1482443633000)
(2.201,10145,1482443633999,1482443633383,1482443634000)
(2.201,10145,1482443634999,1482443634389,1482443635000)
(2.201,10145,1482443635999,1482443635379,1482443636000)
(2.201,10145,1482443636999,1482443636415,1482443637000)
(2.201,10145,1482443637999,1482443637370,1482443638000)
(2.201,10145,1482443639000,1482443638358,1482443639000)
(2.201,10145,1482443639999,1482443639355,1482443640000)
(2.201,10145,1482443641000,1482443640331,1482443641000)
(2.201,10145,1482443642000,1482443641329,1482443642000)
(2.201,10145,1482443642999,1482443642373,1482443643000)
(2.201,10145,1482443643999,1482443643324,1482443644000)
(2.201,10145,1482443644999,1482443644313,1482443645000)
(2.201,10145,1482443646000,1482443645316,1482443646000)
(2.201,10145,1482443647000,1482443646321,1482443647000)
(2.201,10145,1482443647999,1482443647310,1482443648000)
(2.201,10145,1482443648999,1482443648320,1482443649000)
(2.201,10145,1482443649999,1482443649305,1482443650000)
(2.201,10145,1482443650999,1482443650311,1482443651000)
(2.201,10145,1482443651999,1482443651327,1482443652000)
(2.201,10145,1482443652999,1482443652306,1482443653000)
(2.201,10145,1482443653999,1482443653366,1482443654000)
(2.201,10145,1482443655000,1482443654360,1482443655000)
(2.201,10145,1482443656000,1482443655402,1482443656000)
(2.201,10145,1482443657000,1482443656334,1482443657000)
(2.201,10145,1482443658000,1482443657384,1482443658000)
(2.201,10145,1482443658999,1482443658375,1482443659000)
