(2.284,998,1482430282059,1482430281926,1482430282000)
(2.197,38291,1482430283000,1482430282982,1482430283000)
(2.202,71979,1482430284000,1482430283988,1482430284000)
(2.202,113963,1482430284999,1482430284987,1482430285000)
(2.197,17680,1482430286000,1482430285137,1482430286000)
(2.201,10000,1482430286999,1482430286199,1482430287000)
(2.201,10000,1482430287999,1482430287414,1482430288000)
(2.201,10000,1482430288999,1482430288510,1482430289000)
(2.201,10000,1482430289999,1482430289616,1482430290000)
(2.201,10000,1482430290999,1482430290710,1482430291000)
(2.201,9999,1482430292002,1482430291808,1482430292000)
