(2.432,37,1482425473012,1482425472911,1482425473000)
(2.243,2110,1482425473999,1482425473927,1482425474000)
(2.194,696,1482425474999,1482425474933,1482425475000)
(2.22,727,1482425476000,1482425475941,1482425476000)
(2.397,663,1482425477000,1482425476948,1482425477000)
(2.201,502,1482425478000,1482425477954,1482425478000)
(2.171,597,1482425479000,1482425478958,1482425479000)
(2.081,682,1482425479999,1482425479963,1482425480000)
(2.144,717,1482425480999,1482425480967,1482425481000)
(2.174,736,1482425481999,1482425481969,1482425482000)
(2.101,635,1482425482999,1482425482972,1482425483000)
(2.1,592,1482425484000,1482425483976,1482425484000)
(2.299,415,1482425484999,1482425484898,1482425485000)
(2.275,476,1482425485999,1482425485912,1482425486000)
(2.14,480,1482425486999,1482425486922,1482425487000)
(2.201,563,1482425488000,1482425487934,1482425488000)
(2.38,469,1482425488999,1482425488939,1482425489000)
(2.111,467,1482425490001,1482425489955,1482425490000)
(2.303,419,1482425491000,1482425490961,1482425491000)
(2.215,596,1482425492000,1482425491966,1482425492000)
(2.181,608,1482425492999,1482425492975,1482425493000)
(2.328,698,1482425493999,1482425493979,1482425494000)
(2.386,427,1482425494999,1482425494992,1482425495000)
(2.187,444,1482425496000,1482425495908,1482425496000)
(2.154,648,1482425497000,1482425496910,1482425497000)
(2.108,637,1482425498000,1482425497915,1482425498000)
(2.124,428,1482425499000,1482425498924,1482425499000)
(2.139,497,1482425499999,1482425499947,1482425500000)
(2.204,519,1482425500999,1482425500953,1482425501000)
(2.135,607,1482425502000,1482425501959,1482425502000)
(2.056,639,1482425503000,1482425502959,1482425503000)
(2.272,533,1482425503999,1482425503973,1482425504000)
(2.221,822,1482425505000,1482425504975,1482425505000)
(2.166,625,1482425506001,1482425505978,1482425506000)
(2.361,518,1482425507000,1482425506981,1482425507000)
(2.18,745,1482425507999,1482425507985,1482425508000)
