(2.201,10145,1482443693001,1482443692571,1482443693000)
(2.234,2294,1482443694000,1482443693937,1482443694000)
(2.205,13870,1482443695002,1482443694995,1482443695000)
(2.192,13836,1482443696000,1482443695875,1482443696000)
(2.201,10000,1482443696999,1482443696825,1482443697000)
(2.201,10000,1482443698000,1482443697855,1482443698000)
(2.201,10000,1482443699000,1482443698810,1482443699000)
(2.201,10000,1482443699999,1482443699777,1482443700000)
(2.201,10000,1482443701000,1482443700776,1482443701000)
(2.201,10000,1482443702000,1482443701767,1482443702000)
(2.201,10000,1482443702999,1482443702770,1482443703000)
(2.201,10000,1482443703999,1482443703773,1482443704000)
(2.201,10000,1482443704999,1482443704766,1482443705000)
(2.201,10000,1482443706000,1482443705785,1482443706000)
(2.201,10000,1482443706999,1482443706728,1482443707000)
(2.201,10000,1482443707999,1482443707759,1482443708000)
(2.201,10000,1482443709000,1482443708745,1482443709000)
(2.201,10000,1482443709999,1482443709738,1482443710000)
(2.201,10000,1482443711000,1482443710760,1482443711000)
(2.201,10000,1482443711999,1482443711728,1482443712000)
(2.201,10000,1482443712999,1482443712750,1482443713000)
(2.201,10000,1482443714000,1482443713740,1482443714000)
(2.201,10000,1482443714999,1482443714731,1482443715000)
(2.201,10000,1482443715999,1482443715745,1482443716000)
(2.201,10000,1482443716999,1482443716725,1482443717000)
(2.201,10000,1482443717999,1482443717719,1482443718000)
(2.201,10000,1482443718999,1482443718738,1482443719000)
(2.201,10000,1482443720000,1482443719729,1482443720000)
(2.201,10000,1482443720999,1482443720728,1482443721000)
(2.201,10000,1482443721999,1482443721701,1482443722000)
(2.201,10000,1482443723000,1482443722712,1482443723000)
(2.201,10000,1482443723999,1482443723731,1482443724000)
(2.201,10000,1482443724999,1482443724753,1482443725000)
(2.201,10000,1482443725999,1482443725695,1482443726000)
(2.201,10000,1482443726999,1482443726727,1482443727000)
(2.201,10000,1482443727999,1482443727676,1482443728000)
(2.201,10000,1482443729000,1482443728664,1482443729000)
(2.201,10000,1482443729999,1482443729719,1482443730000)
(2.201,10000,1482443731000,1482443730714,1482443731000)
(2.201,10000,1482443731999,1482443731691,1482443732000)
(2.201,10000,1482443733000,1482443732686,1482443733000)
(2.201,10000,1482443734000,1482443733713,1482443734000)
(2.201,10000,1482443734999,1482443734704,1482443735000)
(2.201,10000,1482443735999,1482443735688,1482443736000)
(2.201,10000,1482443737000,1482443736674,1482443737000)
(2.201,10000,1482443737999,1482443737703,1482443738000)
(2.201,10000,1482443739000,1482443738676,1482443739000)
(2.201,10000,1482443739999,1482443739676,1482443740000)
(2.201,10000,1482443740999,1482443740673,1482443741000)
(2.201,10000,1482443741999,1482443741700,1482443742000)
(2.201,10000,1482443743000,1482443742683,1482443743000)
(2.201,10000,1482443743999,1482443743676,1482443744000)
(2.201,10000,1482443744999,1482443744653,1482443745000)
(2.201,10000,1482443745999,1482443745683,1482443746000)
(2.201,10000,1482443746999,1482443746660,1482443747000)
(2.201,10000,1482443747999,1482443747673,1482443748000)
(2.201,10000,1482443749000,1482443748672,1482443749000)
(2.201,10000,1482443749999,1482443749680,1482443750000)
(2.201,10000,1482443750999,1482443750692,1482443751000)
(2.201,10000,1482443751999,1482443751671,1482443752000)
(2.201,10000,1482443752999,1482443752669,1482443753000)
(2.201,10000,1482443753999,1482443753670,1482443754000)
(2.201,10000,1482443754999,1482443754666,1482443755000)
(2.201,10000,1482443755999,1482443755686,1482443756000)
(2.201,10000,1482443756999,1482443756671,1482443757000)
(2.201,10000,1482443757999,1482443757660,1482443758000)
(2.201,10000,1482443758999,1482443758661,1482443759000)
(2.201,10000,1482443759999,1482443759671,1482443760000)
(2.201,10000,1482443760999,1482443760689,1482443761000)
(2.201,10000,1482443762000,1482443761655,1482443762000)
(2.201,10000,1482443763000,1482443762659,1482443763000)
(2.201,10000,1482443763999,1482443763672,1482443764000)
(2.201,10000,1482443764999,1482443764656,1482443765000)
(2.201,10000,1482443765999,1482443765659,1482443766000)
(2.201,10000,1482443766999,1482443766656,1482443767000)
(2.201,10000,1482443767999,1482443767666,1482443768000)
(2.201,10000,1482443768999,1482443768684,1482443769000)
(2.201,10000,1482443769999,1482443769661,1482443770000)
(2.201,10000,1482443771000,1482443770658,1482443771000)
(2.201,10000,1482443772000,1482443771650,1482443772000)
(2.201,10000,1482443772999,1482443772653,1482443773000)
(2.201,10000,1482443774000,1482443773649,1482443774000)
(2.201,10000,1482443774999,1482443774654,1482443775000)
(2.201,10000,1482443775999,1482443775651,1482443776000)
(2.201,10000,1482443776999,1482443776650,1482443777000)
(2.201,10000,1482443777999,1482443777677,1482443778000)
(2.201,10000,1482443778999,1482443778648,1482443779000)
(2.201,10000,1482443779999,1482443779626,1482443780000)
(2.201,10000,1482443781000,1482443780646,1482443781000)
(2.201,10000,1482443781999,1482443781644,1482443782000)
(2.201,10000,1482443782999,1482443782660,1482443783000)
(2.201,10000,1482443783999,1482443783645,1482443784000)
(2.201,10000,1482443784999,1482443784677,1482443785000)
(2.201,10000,1482443786000,1482443785638,1482443786000)
(2.201,10000,1482443787000,1482443786644,1482443787000)
(2.201,10000,1482443787999,1482443787649,1482443788000)
(2.201,10000,1482443788999,1482443788637,1482443789000)
(2.201,10000,1482443789999,1482443789645,1482443790000)
(2.201,10000,1482443790999,1482443790625,1482443791000)
(2.201,10000,1482443791999,1482443791634,1482443792000)
(2.201,10000,1482443792999,1482443792640,1482443793000)
