(6.0,1,1482430470004,1482430469080,1482430470000)
(2.201,10000,1482430470999,1482430470778,1482430471000)
(2.201,10000,1482430471999,1482430471714,1482430472000)
(2.201,10000,1482430473000,1482430472820,1482430473000)
(2.218,6626,1482430473999,1482430473977,1482430474000)
(2.167,3374,1482430474999,1482430474033,1482430475000)
(2.201,10000,1482430476000,1482430475148,1482430476000)
(2.201,10000,1482430476999,1482430476308,1482430477000)
(2.201,10000,1482430477999,1482430477505,1482430478000)
(2.201,10000,1482430478999,1482430478589,1482430479000)
(2.201,10000,1482430479999,1482430479681,1482430480000)
(2.201,10000,1482430481000,1482430480766,1482430481000)
(2.201,10000,1482430481999,1482430481880,1482430482000)
(2.201,10000,1482430482999,1482430482990,1482430483000)
(2.229,1560,1482430483999,1482430483979,1482430484000)
(2.393,135,1482430484000,1482430483982,1482430484000)
(2.193,8305,1482430484999,1482430484094,1482430485000)
(2.201,10000,1482430485999,1482430485163,1482430486000)
(2.201,10000,1482430486999,1482430486277,1482430487000)
(2.201,10000,1482430487999,1482430487364,1482430488000)
(2.201,10000,1482430488999,1482430488458,1482430489000)
(2.201,10000,1482430489999,1482430489564,1482430490000)
(2.201,10000,1482430490999,1482430490654,1482430491000)
(2.201,10000,1482430491999,1482430491807,1482430492000)
(2.201,10000,1482430493000,1482430492879,1482430493000)
(2.201,10000,1482430494000,1482430493908,1482430494000)
(2.229,3010,1482430494999,1482430494979,1482430495000)
(2.189,6990,1482430496000,1482430495039,1482430496000)
(2.201,10000,1482430496999,1482430496125,1482430497000)
(2.201,10000,1482430497999,1482430497237,1482430498000)
(2.201,10000,1482430499000,1482430498333,1482430499000)
(2.201,10000,1482430499999,1482430499414,1482430500000)
(2.201,10000,1482430500999,1482430500493,1482430501000)
(2.201,10000,1482430502000,1482430501580,1482430502000)
(2.201,10000,1482430502999,1482430502621,1482430503000)
(2.201,10000,1482430504000,1482430503691,1482430504000)
(2.201,10000,1482430504999,1482430504760,1482430505000)
(2.201,10000,1482430506000,1482430505852,1482430506000)
(2.203,9497,1482430506999,1482430506970,1482430507000)
(2.222,3623,1482430508000,1482430507988,1482430508000)
(2.188,6880,1482430508999,1482430508042,1482430509000)
(2.201,10000,1482430509999,1482430509083,1482430510000)
(2.201,10000,1482430510999,1482430510158,1482430511000)
(2.201,10000,1482430511999,1482430511304,1482430512000)
(2.201,10000,1482430513000,1482430512381,1482430513000)
(2.201,10000,1482430513999,1482430513471,1482430514000)
(2.201,10000,1482430515000,1482430514529,1482430515000)
(2.201,10000,1482430515999,1482430515579,1482430516000)
(2.201,10000,1482430516999,1482430516661,1482430517000)
(2.201,10000,1482430518000,1482430517721,1482430518000)
(2.201,10000,1482430518999,1482430518799,1482430519000)
(2.201,10000,1482430519999,1482430519882,1482430520000)
(2.196,9009,1482430520999,1482430520955,1482430521000)
(2.242,4330,1482430522000,1482430521996,1482430522000)
(2.182,6661,1482430522999,1482430522035,1482430523000)
(2.201,10000,1482430523999,1482430523081,1482430524000)
(2.201,10000,1482430524999,1482430524139,1482430525000)
(2.201,10000,1482430525999,1482430525223,1482430526000)
(2.201,10000,1482430526999,1482430526335,1482430527000)
(2.201,10000,1482430528000,1482430527374,1482430528000)
(2.201,10000,1482430528999,1482430528449,1482430529000)
(2.201,10000,1482430529999,1482430529563,1482430530000)
(2.201,10000,1482430531000,1482430530612,1482430531000)
(2.201,10000,1482430531999,1482430531670,1482430532000)
(2.201,10000,1482430533001,1482430532735,1482430533000)
(2.201,10000,1482430533999,1482430533807,1482430534000)
(2.201,10000,1482430534999,1482430534874,1482430535000)
(2.203,9719,1482430535999,1482430535941,1482430536000)
(2.221,3401,1482430537000,1482430536981,1482430537000)
(2.188,6880,1482430538000,1482430537031,1482430538000)
(2.201,10000,1482430539000,1482430538079,1482430539000)
(2.201,10000,1482430540000,1482430539170,1482430540000)
(2.201,10000,1482430540999,1482430540296,1482430541000)
(2.201,10000,1482430541999,1482430541368,1482430542000)
(2.201,10000,1482430542999,1482430542404,1482430543000)
(2.201,10000,1482430543999,1482430543455,1482430544000)
(2.201,10000,1482430545001,1482430544572,1482430545000)
(2.201,10000,1482430546000,1482430545604,1482430546000)
(2.201,10000,1482430547000,1482430546665,1482430547000)
(2.201,10000,1482430547999,1482430547732,1482430548000)
(2.201,10000,1482430549000,1482430548812,1482430549000)
(2.201,10000,1482430550001,1482430549874,1482430550000)
(2.201,10000,1482430551000,1482430550963,1482430551000)
(2.236,3450,1482430551999,1482430551997,1482430552000)
(2.183,6550,1482430552999,1482430552050,1482430553000)
(2.201,10000,1482430553999,1482430553123,1482430554000)
(2.201,10000,1482430554999,1482430554170,1482430555000)
(2.201,10000,1482430555999,1482430555311,1482430556000)
(2.201,10000,1482430556999,1482430556344,1482430557000)
(2.201,10000,1482430557999,1482430557381,1482430558000)
(2.201,10000,1482430559000,1482430558449,1482430559000)
(2.201,10000,1482430559999,1482430559522,1482430560000)
(2.201,10000,1482430560999,1482430560622,1482430561000)
(2.201,10000,1482430561999,1482430561673,1482430562000)
(2.201,10000,1482430562999,1482430562719,1482430563000)
(2.201,10000,1482430563999,1482430563863,1482430564000)
(2.204,9363,1482430565000,1482430564955,1482430565000)
(2.227,2761,1482430566000,1482430565956,1482430566000)
(2.189,7876,1482430566999,1482430566062,1482430567000)
(2.201,10000,1482430567999,1482430567102,1482430568000)
(2.201,10000,1482430568999,1482430568175,1482430569000)
(2.201,10000,1482430569999,1482430569302,1482430570000)
(2.201,10000,1482430570999,1482430570421,1482430571000)
(2.201,10000,1482430571999,1482430571481,1482430572000)
(2.201,10000,1482430572999,1482430572610,1482430573000)
(2.201,10000,1482430574000,1482430573664,1482430574000)
(2.201,10000,1482430575000,1482430574689,1482430575000)
(2.201,10000,1482430575999,1482430575745,1482430576000)
(2.201,10000,1482430576999,1482430576809,1482430577000)
(2.201,9999,1482430577999,1482430577877,1482430578000)
