(2.254,3620,1482425129000,1482425128966,1482425129000)
(2.155,710,1482425129999,1482425129967,1482425130000)
(2.249,630,1482425131000,1482425130971,1482425131000)
(2.322,670,1482425132000,1482425131974,1482425132000)
(2.336,625,1482425132999,1482425132978,1482425133000)
(2.183,656,1482425134000,1482425133981,1482425134000)
(2.077,542,1482425135000,1482425134996,1482425135000)
(2.123,593,1482425135999,1482425135899,1482425136000)
(2.155,656,1482425136999,1482425136906,1482425137000)
(2.162,625,1482425137999,1482425137918,1482425138000)
(2.116,464,1482425138999,1482425138930,1482425139000)
(2.103,776,1482425139999,1482425139936,1482425140000)
(2.311,704,1482425140999,1482425140939,1482425141000)
(2.168,763,1482425142000,1482425141946,1482425142000)
(2.283,833,1482425143000,1482425142949,1482425143000)
(2.222,815,1482425143999,1482425143950,1482425144000)
(2.181,653,1482425144999,1482425144957,1482425145000)
(2.22,732,1482425145999,1482425145960,1482425146000)
(2.318,849,1482425146999,1482425146961,1482425147000)
(2.258,685,1482425147999,1482425147963,1482425148000)
(2.145,795,1482425148999,1482425148966,1482425149000)
(2.121,841,1482425149999,1482425149968,1482425150000)
(2.152,843,1482425150999,1482425150969,1482425151000)
(2.151,833,1482425151999,1482425151970,1482425152000)
(2.084,841,1482425153000,1482425152972,1482425153000)
(2.306,852,1482425153999,1482425153974,1482425154000)
(2.156,845,1482425155000,1482425154975,1482425155000)
(2.27,834,1482425155999,1482425155977,1482425156000)
(2.24,847,1482425156999,1482425156979,1482425157000)
(2.193,835,1482425158000,1482425157979,1482425158000)
(2.319,833,1482425158999,1482425158981,1482425159000)
(2.284,844,1482425160001,1482425159981,1482425160000)
(2.154,826,1482425160999,1482425160982,1482425161000)
(2.089,834,1482425161999,1482425161981,1482425162000)
(2.143,842,1482425163000,1482425162987,1482425163000)
(2.184,855,1482425163999,1482425163998,1482425164000)
(2.063,760,1482425164999,1482425164899,1482425165000)
(2.292,814,1482425165999,1482425165906,1482425166000)
(2.178,818,1482425167000,1482425166913,1482425167000)
(2.292,833,1482425167999,1482425167914,1482425168000)
(2.206,827,1482425168999,1482425168915,1482425169000)
(2.194,854,1482425169999,1482425169917,1482425170000)
(2.249,842,1482425170999,1482425170917,1482425171000)
(2.37,851,1482425171999,1482425171918,1482425172000)
(2.154,848,1482425172999,1482425172919,1482425173000)
(2.079,850,1482425173999,1482425173921,1482425174000)
(2.165,844,1482425174999,1482425174921,1482425175000)
(2.138,840,1482425175999,1482425175923,1482425176000)
(2.106,843,1482425176999,1482425176924,1482425177000)
(2.294,851,1482425177999,1482425177926,1482425178000)
(2.153,844,1482425178999,1482425178927,1482425179000)
(2.306,790,1482425179999,1482425179931,1482425180000)
(2.21,832,1482425181000,1482425180931,1482425181000)
(2.173,849,1482425182000,1482425181933,1482425182000)
(2.264,852,1482425182999,1482425182934,1482425183000)
(2.34,845,1482425183999,1482425183935,1482425184000)
(2.203,854,1482425184999,1482425184937,1482425185000)
(2.08,852,1482425185999,1482425185937,1482425186000)
(2.148,832,1482425186999,1482425186938,1482425187000)
(2.164,843,1482425187999,1482425187942,1482425188000)
(2.095,850,1482425189000,1482425188944,1482425189000)
(2.282,849,1482425189999,1482425189945,1482425190000)
(2.165,834,1482425190999,1482425190947,1482425191000)
(2.284,849,1482425191999,1482425191947,1482425192000)
(2.21,841,1482425193000,1482425192948,1482425193000)
(2.173,845,1482425194000,1482425193950,1482425194000)
(2.262,854,1482425195000,1482425194953,1482425195000)
(2.33,819,1482425195999,1482425195954,1482425196000)
(2.222,823,1482425196999,1482425196954,1482425197000)
(2.085,719,1482425197999,1482425197956,1482425198000)
(2.126,688,1482425199000,1482425198959,1482425199000)
(2.19,711,1482425199999,1482425199962,1482425200000)
(2.141,715,1482425201000,1482425200964,1482425201000)
(2.067,697,1482425202000,1482425201968,1482425202000)
(2.3,717,1482425203000,1482425202971,1482425203000)
(2.154,709,1482425203999,1482425203977,1482425204000)
(2.252,725,1482425204999,1482425204982,1482425205000)
(2.227,721,1482425205999,1482425205985,1482425206000)
(2.262,748,1482425206999,1482425206990,1482425207000)
(2.195,819,1482425207999,1482425207993,1482425208000)
(2.285,828,1482425208999,1482425208996,1482425209000)
(2.338,640,1482425209999,1482425209899,1482425210000)
(2.174,806,1482425210999,1482425210900,1482425211000)
(2.067,821,1482425211999,1482425211907,1482425212000)
(2.166,842,1482425212999,1482425212909,1482425213000)
(2.155,798,1482425214000,1482425213911,1482425214000)
(2.117,839,1482425214999,1482425214914,1482425215000)
(2.254,847,1482425215999,1482425215914,1482425216000)
(2.184,843,1482425216999,1482425216920,1482425217000)
(2.261,839,1482425218000,1482425217921,1482425218000)
(2.216,820,1482425218999,1482425218923,1482425219000)
(2.178,847,1482425219999,1482425219923,1482425220000)
(2.296,823,1482425220999,1482425220924,1482425221000)
(2.311,847,1482425222000,1482425221925,1482425222000)
(2.213,816,1482425222999,1482425222933,1482425223000)
(2.087,850,1482425223999,1482425223934,1482425224000)
(2.141,828,1482425224999,1482425224936,1482425225000)
(2.175,844,1482425225999,1482425225939,1482425226000)
(2.099,828,1482425226999,1482425226939,1482425227000)
(2.227,841,1482425227999,1482425227940,1482425228000)
(2.181,843,1482425228999,1482425228942,1482425229000)
(2.276,842,1482425229999,1482425229943,1482425230000)
(2.165,840,1482425230999,1482425230945,1482425231000)
(2.273,806,1482425231999,1482425231945,1482425232000)
(2.206,753,1482425232999,1482425232950,1482425233000)
(2.342,815,1482425234000,1482425233954,1482425234000)
(2.238,837,1482425234999,1482425234953,1482425235000)
(2.127,758,1482425235999,1482425235960,1482425236000)
(2.105,816,1482425236999,1482425236961,1482425237000)
(2.19,828,1482425238000,1482425237963,1482425238000)
(2.112,843,1482425238999,1482425238974,1482425239000)
(2.124,847,1482425239999,1482425239976,1482425240000)
(2.265,853,1482425241000,1482425240977,1482425241000)
(2.189,853,1482425241999,1482425241978,1482425242000)
(2.267,855,1482425242999,1482425242979,1482425243000)
(2.244,837,1482425243999,1482425243979,1482425244000)
(2.194,854,1482425244999,1482425244981,1482425245000)
(2.317,842,1482425246000,1482425245982,1482425246000)
(2.252,837,1482425247000,1482425246984,1482425247000)
(2.141,853,1482425247999,1482425247985,1482425248000)
(2.121,854,1482425248999,1482425248985,1482425249000)
(2.19,828,1482425249999,1482425249987,1482425250000)
(2.105,848,1482425250999,1482425250987,1482425251000)
(2.135,845,1482425251999,1482425251987,1482425252000)
(2.256,854,1482425252999,1482425252988,1482425253000)
(2.181,348,1482425253999,1482425253404,1482425254000)
