(2.667,21,1482443856001,1482443855941,1482443856000)
(2.195,8576,1482443856999,1482443856915,1482443857000)
(2.211,26125,1482443858001,1482443857972,1482443858000)
(2.201,41282,1482443859000,1482443858979,1482443859000)
(2.196,46985,1482443860000,1482443859976,1482443860000)
(2.201,75919,1482443861000,1482443860988,1482443861000)
(2.201,87975,1482443862010,1482443861986,1482443862000)
(2.2,107610,1482443863000,1482443862993,1482443863000)
(2.2,126913,1482443863999,1482443863996,1482443864000)
(2.201,101747,1482443864999,1482443864979,1482443865000)
(2.202,102501,1482443866001,1482443865998,1482443866000)
(2.199,146109,1482443867000,1482443866990,1482443867000)
(2.2,128237,1482443868000,1482443867637,1482443868000)
